"year","FI_median","IC_NE_median","NO_MI_median","NO_NO_median","NO_SE_median","NO_SW_median","RU_AK_median","RU_KB_median","RU_KW_median","RU_RP_median","SW_median","FI_q5","IC_NE_q5","NO_MI_q5","NO_NO_q5","NO_SE_q5","NO_SW_q5","RU_AK_q5","RU_KB_q5","RU_KW_q5","RU_RP_q5","SW_q5","FI_q95","IC_NE_q95","NO_MI_q95","NO_NO_q95","NO_SE_q95","NO_SW_q95","RU_AK_q95","RU_KB_q95","RU_KW_q95","RU_RP_q95","SW_q95"
1971,-0.306303353011643,-0.895164236189835,-0.214668604618039,0.088212050749073,-0.353406085320742,-0.617252920598067,-4.7504683769645,-1.01214847994643,1.03140715525873,-3.82309113747712,2.92531600945446,-0.740824563162199,-1.12708464548232,-0.495728985845444,-0.181750059116704,-0.681610890145017,-0.890788850600599,-5.14320143705873,-1.17912046438341,0.786709284305005,-4.13620392622367,2.53999290523765,0.133237921678565,-0.664480487138078,0.0698498518377554,0.368430997239737,-0.0183873496337988,-0.326181467162587,-4.35371426797165,-0.840442219236597,1.26946283568307,-3.51414002883692,3.2971917708476
1972,0.581421919287094,-0.954533090580129,-0.26251830813843,0.053187703365847,-0.340385619907288,-0.574586119588574,-5.25661435801561,-0.780620174866271,0.274354658689699,-4.29877383490544,1.32794592693708,0.146897701272217,-1.1793580117474,-0.530856925832884,-0.213340905226333,-0.657166706500658,-0.83826915601295,-5.64822484233138,-0.954596009948407,0.0291014736396377,-4.59956854900463,0.978875661685706,1.01764004882841,-0.724883940307919,0.0159854671998295,0.32946066841631,-0.00684651592591425,-0.299297912712665,-4.87253568597607,-0.608211700792116,0.518510441936683,-3.99672477576941,1.69141009956297
1973,-0.601194027546996,-0.58312829582661,-0.214370118309688,0.15236748983426,-0.356457888049571,-0.58877465693539,-4.7758463116939,-0.812502920856867,0.796391054481166,-3.23722106127911,1.91208799444255,-1.03218236969428,-0.815805617489249,-0.489972365767968,-0.116590696925323,-0.678373793312255,-0.857800263818554,-5.17340214825301,-0.994753317933415,0.547770002461972,-3.54985356309632,1.54892976564899,-0.179046796332557,-0.35550647443964,0.075829617557958,0.433513234629879,-0.0253966353260653,-0.300531019197167,-4.39431867656955,-0.626912901155656,1.03756477703428,-2.93513144555534,2.28517129001915
1974,-0.535669119699564,-0.804624930892617,-0.0995488730993759,0.227750845065466,-0.29962406050757,-0.53322157348841,-4.66919148952897,-0.267745283578081,0.178839648410286,-3.50671994674318,3.40849292649203,-0.959192989566909,-1.03252146643516,-0.391357453045295,-0.0372339914044368,-0.627622801448719,-0.819809034032354,-5.05786387230553,-0.442790687802423,-0.0632329014871156,-3.80732848999104,3.04444347626108,-0.116812109468597,-0.579515065754955,0.201376544050215,0.510493615993481,0.0329899892341597,-0.233862737999501,-4.27832945429532,-0.092776739974076,0.426528776370253,-3.20592600247891,3.78033370214597
1975,-0.00647281824974598,-0.41054290413543,-0.108962874817399,0.217063120276539,-0.233027501384818,-0.485421244132539,-4.69039043547271,-0.119418417224291,0.78046815696166,-3.43799391709789,2.5474341517947,-0.3304592668305,-0.615014151118586,-0.348058005460442,-0.000301242594765332,-0.507805076953726,-0.720879947976851,-5.05627731578247,-0.267304206872983,0.562024578325619,-3.73842783130383,2.23494084881643,0.31377459748708,-0.210613538042023,0.131082237335349,0.444048704578936,0.0403004071095207,-0.243769530890091,-4.3276771306055,0.0286401751728225,0.993847054044362,-3.13958317617961,2.86600136685563
1976,0.0152994933579826,-0.622722649635542,-0.117483041005137,0.197898992748638,-0.231525592631578,-0.528673053212601,-4.85771320464625,-0.0900264019200405,0.764113546211322,-3.34701076523177,2.63460164873121,-0.289733198965718,-0.81742015110189,-0.340634457008311,-0.00767977564721953,-0.473379576975827,-0.740177146744711,-5.21182611423079,-0.227209102023412,0.561388002866494,-3.65540405108634,2.31537217380428,0.312862339165461,-0.431289081466144,0.112295344517151,0.407341391079259,0.0176884355816511,-0.299658102417516,-4.49690893459745,0.0513354579914582,0.966398040897541,-3.04257104217502,2.96212241438351
1977,0.202613206022992,-0.5519970972541,0.136853144110018,0.451540427015293,0.0395933971095256,-0.24610781520789,-5.18380579586398,-0.174881857132206,0.904381729823197,-4.12752450116266,2.15524343321926,-0.132386574360577,-0.753441392540384,-0.10598560331397,0.222025540520956,-0.23142871646397,-0.486887156715352,-5.549322111993,-0.317895433058709,0.679120720070669,-4.41613216662024,1.81054506995833,0.529832249421797,-0.346094783393561,0.390521497491146,0.699369657557619,0.319887178048363,0.00291167006475785,-4.80428141835773,-0.0327755631272915,1.12414945635774,-3.82753282104655,2.50077763208575
1978,-0.137906482769048,-0.260797364657538,-0.277814548151295,-0.0110101899111366,-0.470637339504339,-0.671576389883766,-5.449894246513,0.121578985725299,0.729511022644499,-3.42213039861416,1.2533019864997,-0.463427226097249,-0.464333412840296,-0.514337724616175,-0.23743052387186,-0.729027105689324,-0.906388465290332,-5.80948109560246,-0.0355462478987234,0.518017005554566,-3.73038922127507,0.927760980536941,0.185631607455084,-0.059545532701977,-0.0397274512718653,0.214048153772201,-0.213685925205674,-0.427866933668756,-5.08652248104527,0.283825189739962,0.944704181055121,-3.10731752705065,1.57672109179114
1979,-0.105022085889821,-0.724157472129992,-0.195959399868128,0.233733778497339,-0.352838009893834,-0.572830970049824,-5.27548422584201,-0.0971605006497308,0.86903315258513,-4.62822414425471,0.947559880539449,-0.419223534346843,-0.914213578276259,-0.412637159252698,0.0311882140365782,-0.598575537629052,-0.781970487358138,-5.62561788529035,-0.272477955043674,0.656640921369599,-4.916191271334,0.613604929360392,0.213837549270383,-0.529137355978819,0.0250304134044123,0.448237504410674,-0.103654716663363,-0.346987059813224,-4.92631819473168,0.0760787181915904,1.07220992193374,-4.33782341502231,1.27243033069837
1980,-0.484199275095385,-1.36124424982603,-0.512216588628719,0.0897421786487647,-0.62213965641455,-0.90546837103403,-4.57250821170101,-0.28613961403678,1.08287673565969,-3.28814787743432,1.97956705639954,-0.796802373468783,-1.58897862949627,-0.752048150136478,-0.139464101686508,-0.901777784658946,-1.13877413643212,-4.9317713866796,-0.465782859996051,0.856475155497264,-3.58342080891757,1.62048876888106,-0.167590902508512,-1.14226080639856,-0.272608276635049,0.322406723501134,-0.346967102077571,-0.665256428704458,-4.20383548490428,-0.10800054297376,1.30348309042597,-2.98467591409235,2.33767756789968
1981,-0.667868978471754,-0.370149486597685,-0.345508347113312,0.182404119931866,-0.471035489986047,-0.74977295840734,-5.26628200417647,-0.583151687087796,0.75633958496852,-5.15258734686065,1.12685834505492,-0.947647552405037,-0.563447540541931,-0.548301211305044,-0.0146422483358073,-0.71030047613441,-0.961502573730132,-5.62905425486931,-0.766626208652668,0.541757684351333,-5.45050940702928,0.81795349949904,-0.387017918578245,-0.17369934074451,-0.127572715475229,0.386031791422307,-0.226826346942839,-0.525534299645697,-4.89648507801877,-0.401416838205178,0.968391899901191,-4.84591414504143,1.42915034916979
1982,-1.0154490573651,-0.580029794527318,-0.466335520737267,0.109155353684154,-0.564692413046333,-0.867936608039019,-5.49889998966683,-0.92970105186382,0.3746309539464,-6.09381219340897,1.4439687961985,-1.31222293426024,-0.787614237672086,-0.687173961960698,-0.0976746600989176,-0.800757100061006,-1.08946610829054,-5.85176705655609,-1.12224195658335,0.157471561788484,-6.39102672617086,1.11191168505422,-0.726578684552262,-0.373284338538774,-0.238202158539595,0.332553698787818,-0.320290652775925,-0.631345781901953,-5.15344814421015,-0.739915816838738,0.588688753335381,-5.80090649881057,1.77011236849161
1983,-0.507536517451898,-0.409202057731068,-0.00414453800018398,0.29766963692476,-0.618126669129708,-0.40779609969072,-5.70752834911631,-0.665918805135647,0.94222460983752,-3.63373469095399,1.56256900000782,-0.791808707299519,-0.607561040727427,-0.20703929085681,0.0997996909105062,-0.853701921254964,-0.606775556089032,-6.0555710614286,-0.848893328809129,0.734930740532583,-3.93907211696039,1.23697853447199,-0.221971001789312,-0.216963191017881,0.203689640080503,0.491773875628419,-0.393039642817127,-0.19746602845967,-5.34381626806006,-0.47805024071077,1.15137072917316,-3.33005813155852,1.88521563689584
1984,-0.18046376833362,-0.785954584410924,-0.0468712779197106,0.572404050327675,-0.563107931001313,-0.551897278720673,-6.28912095993537,-0.207248434352462,1.09069186488076,-3.12325220701379,2.62492005731381,-0.478095365498962,-0.997396064064636,-0.263376964808243,0.386017715102093,-0.792162646855265,-0.761613869875083,-6.65205925658096,-0.393810966297559,0.880110983050699,-3.41064087019635,2.30231094229994,0.106389189008709,-0.576359112191188,0.172063667299531,0.766818332632008,-0.332815691413111,-0.331557167510831,-5.9232085515143,-0.0194744026517283,1.29921954665999,-2.83251350442427,2.9552845974459
1985,0.0913500536432839,-0.199075863382921,-0.0564208441705472,0.403844969002795,-0.246137954010588,-0.524366236087649,-3.84522551691374,0.0728794324595863,1.42763981594757,-2.8180501107524,3.03333188262328,-0.218026748864863,-0.404309668494208,-0.272667012064434,0.201749908486194,-0.490311080106389,-0.736233971633965,-4.15153790781818,-0.109760797154645,1.20942943005405,-3.11000352401345,2.71649867978017,0.39166716362127,0.00407749609533422,0.160914632716383,0.610468689430351,0.011566054721813,-0.304597476582587,-3.50135278889101,0.261008605349888,1.64139267175096,-2.52431270231449,3.37641544183883
1986,-0.129807043636958,0.0774447609998915,0.0727525733715611,0.535908707480313,-0.159823219916121,-0.334129652852235,-6.47052407105082,0.273193048842083,1.20001972368367,-6.0422596534825,2.07962684938603,-0.450353747448163,-0.134433500275865,-0.153609124687463,0.315310436937177,-0.396080535057072,-0.555717417679555,-6.86687924116974,0.0940616437227728,0.959858694640238,-6.34071445584371,1.74919377540951,0.177852508363721,0.285884625418695,0.30067388480008,0.758365307365416,0.0902652222516585,-0.107996957131958,-6.07226305474201,0.44967312572012,1.4485347783886,-5.74722514832748,2.41223310847652
1987,0.248746245212782,0.171648622764029,0.129559019807074,0.507920145718844,0.178560195793402,-0.296939998748244,-3.24734471904534,0.395933409443992,1.00181523715036,-6.81810106526548,1.91779221987262,-0.0612773975428183,-0.0362970909422335,-0.0932548105817766,0.293758365332999,-0.0728664720349564,-0.5022813987847,-3.5745032020651,0.205997795401693,0.813538215854156,-7.12450736080594,1.58660811713486,0.564247314257259,0.378409778304229,0.352221604413535,0.720745379608878,0.43294828456694,-0.0862226354123162,-2.89644171866064,0.581059700008013,1.19343362966015,-6.51758720266642,2.2549428964263
1988,0.0156819625841354,0.435100348023122,0.332472734738407,0.656830037785296,-0.118955566853727,0.0617100127658159,-4.09966147451356,-0.189418231875973,0.981676049381149,-1.96595063314208,0.464249620625871,-0.26500821570673,0.236723716744382,0.10786485172773,0.445873360718519,-0.352344392662535,-0.145203865639499,-4.46002903262608,-0.370904432673866,0.840454349946114,-2.20444064047154,0.162980392215083,0.290202413882983,0.636431117055332,0.557416879021268,0.875891263447074,0.122070256802497,0.28281256135668,-3.74268007609252,-0.00661794958123303,1.12698955922746,-1.71616583782305,0.773676911860027
1989,0.2905717956792,0.087878401790331,0.466586236911983,0.500152579430875,0.0871418364482973,-0.049833978042646,-2.62256459906446,0.0891117363823812,1.21872345962757,-1.0422237553464,0.270649051115483,0.0166974843090341,-0.116365270347961,0.22683193040359,0.274215032298358,-0.156665242351201,-0.289457822112881,-2.98540616896882,-0.0866970748750044,1.07526124679653,-1.15383496477802,-0.0905576726569316,0.562035463936071,0.291144074323396,0.703915712538733,0.727983837889816,0.325862518538907,0.187705003238949,-2.25676891634001,0.262732528180125,1.35977144376553,-0.930082761006528,0.627849318749697
1990,0.280193332957869,0.172648728779856,0.587841093918576,0.361751448575613,0.474216555410464,0.167182845128005,-2.22640689303566,0.132983832640695,1.32354762869145,-7.14684066072425,0.506180211126605,-0.000915649602776348,-0.0343337930708251,0.350791864221189,0.13777383858548,0.225891069318771,-0.0756538505855561,-2.56773570346569,-0.0614368274801517,1.15718408661272,-7.26275934742042,0.137160096727868,0.56361180094766,0.377785803899768,0.826430619254195,0.588048493650719,0.724989465205518,0.413200717497674,-1.86509274675712,0.333862237207463,1.49058345461705,-7.03668378274017,0.867769433364759
1991,0.249134914457411,0.0974790212430319,0.330059607171121,0.336007751163884,0.0590715363762506,-0.334786183650315,-2.59823500356257,-0.51272252940396,1.37661173082865,-2.22160680451567,0.611634332225024,-0.0337561028906597,-0.112146127263818,0.0933477896030079,0.104989847474528,-0.201131636763189,-0.576837080769343,-2.98809584509473,-0.739365504307752,1.16077322262778,-2.33540130492687,0.231418941385957,0.533744256191412,0.296736333297728,0.573502940705749,0.575587694084107,0.315542214771989,-0.0856268196403192,-2.19722868006583,-0.284211754541771,1.59157895589953,-2.10812832208638,0.975512207560917
1992,0.328437998704009,0.658664474719924,0.368306495730487,-0.0698999583539106,0.354998180625154,-0.489485493254089,-2.05969075356844,0.340053031467759,1.13162650088698,-5.12532776256938,0.494743961183978,0.0646793288204171,0.461112008349565,0.133968224693945,-0.287931029667553,0.124831516685678,-0.724486458207788,-2.40112733086845,0.132996784735296,0.893750398447631,-5.23787173483923,0.148836053944953,0.608348743050036,0.855844423793717,0.605119665586911,0.149199280465051,0.58882531817889,-0.257240428736485,-1.69507691122202,0.548142513754396,1.36208711857667,-5.0115973244859,0.850121655684464
1993,0.029537788694433,0.531457146207059,0.318573567782177,0.0577774086480457,0.428368057742851,-0.3121939062594,-3.52880708108789,0.310599362262446,1.06909887970872,-6.84256096091292,0.731836140622103,-0.236537803054333,0.340982446051569,0.0966874552751026,-0.142179520166979,0.200778145123629,-0.525922579038371,-3.88937211221321,0.103289934243341,0.795825640580497,-6.95682391930468,0.391121070128439,0.295795973022032,0.722491995300921,0.536964095522853,0.261600657749369,0.652916942931174,-0.0908855131568917,-3.16094229346609,0.519489365186664,1.34028919040492,-6.72612321968219,1.08221911435603
1994,0.0921110147538342,0.090139586077829,0.407339470581189,0.020418411201202,0.254109197675187,-0.242680524751406,-3.20908321312548,0.262128778276288,1.30901985823799,-3.18784375052083,1.04440885647051,-0.170502861262244,-0.114737675053244,0.202427206753396,-0.180687832081921,0.0320899164868256,-0.442891408848529,-3.55614542283036,0.0524327157764026,1.02499982798275,-3.30021735913596,0.691332553868144,0.362501523762614,0.286963705269308,0.616993325570789,0.22644931340483,0.473064043378499,-0.0319381293769855,-2.86356217951208,0.467766595255735,1.58309012872938,-3.07776151194409,1.40065827590104
1995,0.12091495001775,0.521076185099324,0.223998111876346,-0.16270781148958,0.15522368352663,-0.437822207595302,-2.75304002189367,0.724753955490329,1.32430926369081,-1.93565269071965,0.89365281357797,-0.15564353444077,0.330250549097748,0.00479212323864938,-0.368652332722237,-0.069581301000669,-0.64936246471729,-3.11578967583803,0.496885049673307,1.03580883443989,-2.04711935227924,0.54181545408932,0.388758047817835,0.714943022433688,0.436608998403932,0.0372944972547066,0.385070039225884,-0.227345113104827,-2.38022456403944,0.955466224052962,1.61504648786736,-1.82166423479439,1.24775999191945
1996,0.32683873737718,0.633501804122023,0.20001518303458,0.0265410753659013,0.523584541434144,-0.260799551276008,-3.06633957798098,1.09913317122018,1.71207065887642,-1.78758347901116,0.931354253706373,0.0544769729803862,0.43493223706234,-0.0293731108556534,-0.172372025712796,0.301998898873771,-0.48819165619018,-3.43028897528275,0.809258034945716,1.43356785364777,-1.89958179254024,0.572984456351395,0.597945586074742,0.8297876092335,0.421286448635674,0.229349713377862,0.751341535508154,-0.0347663575454648,-2.68714547749144,1.39715486267921,2.00216024258948,-1.67584408953278,1.28695874683092
1997,0.528436185639759,0.624709244570533,0.247887951511504,-0.139559967680159,0.603411176272512,0.0113342582736677,-1.98024942394391,1.57825715419591,1.70367599843836,-3.98266916736534,0.879124488501442,0.244207084395864,0.42451646691582,0.0177913906936924,-0.342501613886439,0.370565528669476,-0.209803729787275,-2.34055360664817,1.28178961776926,1.40593876048759,-4.09565094918214,0.512669254596282,0.810190407057629,0.821179038057668,0.474017629557371,0.0651862208456614,0.830499398775085,0.231544522003312,-1.60948496942389,1.8849601549492,1.99732512609602,-3.87143319324326,1.25215153954803
1998,0.352862527256325,0.869912709794854,0.484687412627174,-0.173114463765709,1.0207072499391,0.231793351231172,-1.93476963469941,0.883696112851437,1.66840119626046,-4.18144518785214,0.817488379912901,0.086630311602427,0.666281789606684,0.254707239205792,-0.378847246428399,0.786535709359383,-0.00193468366372229,-2.31291738022075,0.576981714777262,1.37188198851986,-4.29612413019195,0.446125785486755,0.616157004079493,1.07108857514743,0.716261559762903,0.0271613616505507,1.26328803007999,0.467692692579421,-1.5578344213753,1.18193121076115,1.96058068008345,-4.06768472976482,1.19116181154426
1999,0.0297434557270294,0.849722163453373,0.102354191813346,-0.357421611540428,0.32834147623203,-0.350855428852858,-2.62793382937777,0.746602189212364,1.04466514312955,-3.9359721149843,0.202444170053552,-0.215952719944617,0.640326040141324,-0.120660547061284,-0.56154932112872,0.10045565467386,-0.585431102789257,-2.99533308240535,0.389785013043796,0.744500998731763,-4.04892840470073,-0.153028367747128,0.282402655954054,1.0525210485497,0.326215224857651,-0.151689925289801,0.559802761487206,-0.119472559470101,-2.25169128024329,1.08549709799649,1.33399800446294,-3.8243299274115,0.555682677431745
2000,0.0391327378676437,0.786283018751019,0.372347058918242,-0.1674961251118,0.61937056732607,-0.0642459835002653,-1.9374792039934,0.522407994236591,1.17971059338978,-6.50636265820452,0.428997540562153,-0.204165462424258,0.583353012808118,0.154107633724762,-0.359228492649936,0.397876277031682,-0.288592720240594,-2.29348672925869,0.154378135018026,0.890962826274236,-6.6173420896042,0.0861252695532,0.286006922016092,0.995109650454553,0.591840531328085,0.0313802227611522,0.836290725630641,0.157627015885555,-1.55990458968817,0.892204895276301,1.46395412925816,-6.3956360411989,0.772766248768479
2001,-0.0298672241747205,0.813947114838589,0.218468350849575,-0.0933274315980601,0.692945853165411,0.0439241634929825,-2.01940321420549,0.32242368715684,1.36585551137347,-3.27463765152568,0.512016281781572,-0.290038438085474,0.593744843198744,-0.00322126601704999,-0.294611599868675,0.469966216313126,-0.177599641502749,-2.40247250481072,-0.0416818926152073,1.05235363150979,-3.38597717292897,0.159611012163755,0.216320063723408,1.01944146954786,0.433342698788777,0.100064691780674,0.921812216599428,0.268827965089399,-1.63486552922248,0.685083174472154,1.67807529521413,-3.16008984613243,0.866673164998557
2002,-0.216750879000999,0.929290918434508,-0.146065160426767,-0.193015549110854,0.465139299156741,-0.295994933906182,-0.741973676249089,0.655687678877011,1.52140341679252,-4.65336646298583,1.28848252238775,-0.47602515793466,0.705792933259999,-0.379509395035958,-0.399423696107544,0.234096555402872,-0.533439252156894,-1.1116224469708,0.246708386412036,1.20265175838227,-4.76690951687396,0.934128619984815,0.0399716365288058,1.15542167737299,0.0810866183322711,0.0120748944492509,0.69028079218022,-0.0589787874821543,-0.360669745103293,1.05088214220656,1.84889810907584,-4.54167268111628,1.6696160184721
2003,0.26146176082908,0.80406438847445,0.220077938323549,0.0597156887881219,0.441985412170054,-0.0309130141714971,-1.68675390074952,0.763274567242119,1.51664539539271,-2.8422951381748,0.284757591536148,0.00913393392063162,0.573522323199656,0.00859872337350691,-0.134530502266674,0.215795178223222,-0.252589189024356,-2.05666513352016,0.370251888380157,1.20146304895442,-2.95437195268734,-0.0739551058948687,0.51612433982092,1.03044903360811,0.437385086278698,0.26249972371249,0.666777239057732,0.192220878382873,-1.30797165749084,1.149536671315,1.84235852236039,-2.72714640137294,0.634877596530314
2004,-0.118652111721894,1.23173879781918,-0.176544665805113,-0.153738033380135,0.312450963569504,-0.320156758867709,-1.62554064914353,0.678559210663874,1.45380916155586,-1.81427101210646,0.248740998957539,-0.386134939665623,1.01645566128072,-0.394657251758606,-0.345705542254703,0.0964046847868996,-0.538645270460699,-1.99009581260826,0.261535075681268,1.13475486665658,-1.92999362920276,-0.10940706929289,0.136176697859221,1.4454496038378,0.0422913957469455,0.0372530995617806,0.524723181586847,-0.100065257202963,-1.25757977685268,1.07409647498747,1.75795893398797,-1.70065652692316,0.612597822181984
2005,0.106777895067956,1.25758736710329,0.0245148894775944,-0.18427044868916,0.299874357861807,-0.242949138997872,-1.09126856044244,0.713969289063374,1.42633713839456,-2.66342036555258,0.102370514469965,-0.125455458208995,1.02417189791987,-0.185235383248926,-0.37537782516671,0.0878901676271222,-0.454363633622615,-1.470615487229,0.325124424520215,1.11960496332109,-2.77603679440205,-0.257495361509264,0.34467913138313,1.49061453444021,0.230366234780956,0.00748355472930684,0.516202268039174,-0.0297177254971209,-0.711993350407202,1.10249792831194,1.7342204051316,-2.55357880480865,0.464818059344991
2006,0.17933873701982,1.31456316535857,-0.0499740679280774,-0.17635632123846,0.279240405141292,-0.44007823011114,-0.556952612441442,0.930816193766613,1.59428934512753,-3.63797355629001,0.087867806703078,-0.0522448118167759,1.0782850270426,-0.265330122172756,-0.369090813088048,0.05532241712275,-0.66339296148285,-0.937208883606311,0.530321436282476,1.27836614950324,-3.75141781301632,-0.269261415191188,0.407916047821341,1.54671087779939,0.174795775811843,0.0243375732129043,0.497449357440034,-0.216782300963729,-0.177039565717657,1.31995032827363,1.91172830172919,-3.52322937984831,0.438100123838106
2007,-0.681414067195121,0.995885136733083,-0.635694995933556,-0.634563378340963,-0.438724943782009,-0.953401069827949,-0.93538981499454,0.406882799942675,0.58905103192281,-4.38353524243433,-0.812315643901894,-0.928116493146482,0.742686012712174,-0.886127044336317,-0.846029248170135,-0.691726802806144,-1.20175897848822,-1.30178850529839,-0.043483787679055,0.234043550518183,-4.49696075437243,-1.21632359404291,-0.449960965909869,1.24487208840177,-0.392239170558444,-0.423951006287243,-0.192982303967974,-0.707058018290209,-0.552804255258409,0.843394888451949,0.934782462693078,-4.26819017143338,-0.407723039161968
2008,-0.185585593772603,1.07953596979974,-0.42897979931151,-0.276193129032267,-0.150719381350298,-0.638087399901193,-2.13740754836778,0.604172209128085,0.750984185385754,-5.33685563888944,-0.71017192982164,-0.413991013019498,0.837172765553697,-0.665858025187629,-0.475665996668081,-0.390787886452381,-0.867621551137363,-2.52212008407278,0.23103582304082,0.438331839088417,-5.45102002371642,-1.13034153236207,0.0480067566823649,1.31795354551087,-0.193073359707581,-0.0676100082904752,0.0886601237666349,-0.402661794308395,-1.75814829510251,0.96644817921894,1.06760933090363,-5.22308210051407,-0.285337991193609
2009,-0.00516623010899868,0.868047980533465,-0.517882407090339,-0.495017980742468,-0.437294776570283,-0.731396823819152,-2.84593297359751,0.688067797795664,0.340432644434936,-4.16252060616805,-0.723922767958203,-0.23252665926827,0.648182005891729,-0.768590813504526,-0.714848777188044,-0.688074905678912,-1.01144855752786,-3.20145328070664,0.319627913094083,-0.0101825029285063,-4.27875919077665,-1.17091175401902,0.225353316889678,1.09225840019713,-0.267078243589629,-0.281679174766757,-0.17847544705295,-0.455048101317542,-2.4794640799975,1.04600151144452,0.679956351341676,-4.05241221987231,-0.270643323165229
2010,0.0796031188136344,0.895726039353751,-0.472431733043152,-0.415569955455344,-0.54017550093057,-0.943897746353316,-2.26889345142244,0.897811284782622,0.582121997895978,-4.20440711925863,-0.794600979560708,-0.141327629047578,0.667676336763223,-0.705914391802845,-0.619813436305303,-0.787193171000813,-1.21891532028258,-2.63820913728574,0.573498318231579,0.25992433208098,-4.31854466935722,-1.20666290256174,0.304263075036759,1.11342483987389,-0.243699580090537,-0.207413348231468,-0.296918404209836,-0.672534813376956,-1.89449303511403,1.2263351946504,0.892891237287497,-4.09363879999022,-0.376504427158688
2011,0.0339414890403184,1.10042152778585,-0.643736739398515,-0.47299231839474,-0.687479943491136,-1.1670006306221,-2.18902303540284,1.04266708527371,1.00105589052701,-2.50310791058707,-0.89576701102562,-0.205211072691892,0.85720969667681,-0.916617415266345,-0.70314607406827,-0.966864060912316,-1.47076770125493,-2.57283550540988,0.693704201404209,0.643212199966371,-2.61643474141052,-1.34252791930204,0.263738834244935,1.34401414034678,-0.375257904419666,-0.246462599521587,-0.416931695139063,-0.858041807710076,-1.79204332437139,1.40030622436907,1.36465494959449,-2.39169193869797,-0.474260943262357
2012,0.584271918959957,0.391766036679186,-0.194035930824979,-0.306893592450984,-0.360057708855685,-0.501019382517642,-1.07598474095152,0.722406081611979,1.43392992854408,-2.23451692259667,-0.262471190786071,0.326072155272193,0.128043117833854,-0.491026617300503,-0.547788832236774,-0.647974442675115,-0.828769529094898,-1.46000850398832,0.343040549828758,1.07417962936559,-2.34494808584648,-0.765927743829932,0.835343524206205,0.659641504780066,0.104526551591061,-0.063455016014053,-0.0617888644674543,-0.17306675905119,-0.695865465972687,1.10422392070993,1.80937930384714,-2.12316340835227,0.232940069808065
2013,0.094064989476486,1.00826205040672,-0.210577892213775,-0.484060386312374,-0.410345752448499,-0.75507233213254,-0.893369243623087,0.370304020300729,1.5271072500433,-2.28991539643898,-1.06414972751613,-0.143074716059281,0.763451277880426,-0.480073559113294,-0.695149849372593,-0.670626885807444,-1.03638760309404,-1.26315902310834,0.025395629068783,1.21938347660754,-2.40236365009347,-1.50350678321861,0.328578534641924,1.24887431610778,0.0664793321772047,-0.261925281994984,-0.142259862240816,-0.461254687385105,-0.507125128573475,0.699680039944724,1.83497179100339,-2.17641356997126,-0.623617162415969
2014,0.320968035766115,0.384745447903993,-0.265805547854811,-0.217503616290455,-0.387279425216409,-0.799371181816527,-0.704915919613716,0.408841427536807,1.80544742344249,-3.01339596127485,-0.0264730593995576,0.09652496914672,0.145851817165701,-0.54101846965949,-0.432924034423277,-0.653368899650547,-1.0856316932426,-1.08683587639797,0.0722391123930654,1.49385249696128,-3.12630706826223,-0.450047342853216,0.551423596177444,0.626138531108706,0.00537912177816267,0.00207167603520731,-0.114568100046451,-0.513759052637751,-0.310442820505606,0.750862293440542,2.11489718777471,-2.90054533876197,0.389410446142392
2015,0.00256962774653355,0.90842412079985,-0.321885468638337,-0.560730841775164,-0.588064915383481,-0.938119953399812,-0.497998542460394,0.0933014054520858,1.79314761173729,-2.21622312994018,-0.836522441882287,-0.226686335137621,0.665168540347569,-0.571674799983428,-0.775237590308094,-0.843056826645012,-1.21901415238454,-0.895984838346135,-0.242712615966399,1.48101365536106,-2.33610566109293,-1.26723501659086,0.22949642996891,1.14994483275257,-0.0652825430362595,-0.348564009173892,-0.331535875544994,-0.657281029526327,-0.0764927856755579,0.426817016279268,2.10929024687254,-2.10529320923941,-0.409047924153532
2016,-0.0563933875489328,0.766412887673089,-0.438895027147104,-0.575220532428002,-0.678390908753246,-0.999941368667014,-0.425354753779135,-0.310154298210669,2.07274922972649,-2.29249366706973,-0.905575961689619,-0.295459282517758,0.484750633494002,-0.695964590125351,-0.790005209539744,-0.932662762134084,-1.28657149444127,-0.808465936342538,-0.651215835587822,1.76710381605493,-2.40614134841721,-1.33277410265205,0.179771407098376,1.05236165348297,-0.190465007742268,-0.359892328363704,-0.431988239325611,-0.724097563701311,-0.0238481530819237,0.0309458390792609,2.38747560345072,-2.17905542405018,-0.492854716708117
2017,-0.10134943799294,0.729886611230483,-0.265798266698915,-0.370874847154898,-0.716321289115446,-1.09220830246378,-2.3010549565177,-0.741236311533266,1.45181800328008,-2.24625844447147,-1.23695759722488,-0.386618137940772,0.423555576097561,-0.536412515141394,-0.602840104604556,-0.991974587440581,-1.39847797940718,-2.67189895650834,-1.1011547727103,1.10011072858599,-2.35958277417619,-1.66688868991348,0.177159840687966,1.03585981821363,0.00822986741338465,-0.142538803094973,-0.440767957413181,-0.778583852334326,-1.91905650885022,-0.383138616347767,1.7962456163123,-2.1315907340832,-0.800762688111267
2018,0.28750733357417,0.841448361797786,-0.185487028903797,-0.186593379964812,-0.41748781300903,-0.878667922454108,-0.680225619925229,-0.249832011940966,2.07242490615684,-2.28345044868954,-0.620546981340037,0.0326549864971509,0.557431092575729,-0.44501969478312,-0.399886712726095,-0.673608133425868,-1.17766836610909,-1.08444265377769,-0.586205791152443,1.7627767408845,-2.39844669653688,-1.09110900054701,0.551758150078468,1.13194389417895,0.0843443386498039,0.0376103700413257,-0.151246203823086,-0.577746006692713,-0.265843561620978,0.0883036737470925,2.38678923903849,-2.16759445966796,-0.148562238686398
2019,0.073780195304916,0.532650637748024,-0.273689244575823,-0.108451063824896,-0.540497489144715,-0.990323671752942,-0.724313663065792,-0.126996244906354,2.33868292887525,-2.32563992259036,-0.425567026256641,-0.20048864991386,0.240010561358713,-0.538817929743438,-0.327906726318576,-0.818906404132792,-1.28396096569781,-1.15167527598801,-0.474571567759917,2.01762288261146,-2.44040161019992,-0.919724134429209,0.34499812961212,0.820009561922892,-0.0147286352301918,0.111061592108405,-0.273194342196849,-0.693698809687416,-0.296150635759301,0.211126488431173,2.67228515887639,-2.21301018461444,0.0679091961707606
2020,-0.00272687530069632,1.05317966143695,-0.076428559909744,-0.0376902171791286,-0.277874878176693,-0.89238508342416,-0.0735332745742794,0.00841689121006308,2.30447104404579,-2.20470567024794,-0.603506272621394,-0.370047155888676,0.756128622552517,-0.347461417584689,-0.259244786158478,-0.574752678659025,-1.21390298477781,-0.5969199542212,-0.387641453812803,1.89192589198828,-2.53793125409623,-1.05457211544991,0.370535845733596,1.34747366121275,0.206326654485397,0.188827559060541,0.0289350557261127,-0.56397671442378,0.41311447462665,0.406161282233188,2.66299372279719,-1.91024247556217,-0.154344092718608
2021,-0.108984788275456,0.831690236888843,-0.287751170746258,-0.0760183472990166,-0.47325981165214,-1.09542442896708,-0.415885214227231,-0.325199199648139,2.14086155010858,-2.3044163183898,-0.557749045159983,-0.552097673387916,0.490024643523459,-0.580750999929803,-0.30700492105308,-0.818783269233102,-1.44347885671465,-1.192842715213,-0.905939989831433,1.65007347665465,-2.78787842179511,-1.02289192366153,0.328260611624828,1.17141100043875,-0.00638743681776046,0.15396720071094,-0.121530146369934,-0.748135208891707,0.353710916634142,0.245844269161534,2.6026153829734,-1.73023180116993,-0.0810169423393756
2022,0.0860320013893884,0.842725111117542,0.0590677672819629,0.0206972284456855,-0.40197034812803,-0.839753568267217,-0.696584057186322,-0.380262930423638,1.94202130504412,-2.15105487420109,-0.799279154759976,-0.432192625629024,0.398529086905684,-0.250267717059675,-0.234860215265388,-0.794502690298129,-1.2415686103323,-1.35959368604724,-1.03646682034951,1.34185431050891,-2.70556155515054,-1.29448964919127,0.591588554119081,1.28715156691034,0.374072213967276,0.278479621631011,-0.000234432951582953,-0.436957340742843,0.0303987899368746,0.286153636350111,2.53337791036444,-1.46755618928413,-0.281171355382678
