"year","EW_median","FR_median","IC_SW_median","IR_median","NI_FB_median","NI_FO_median","SC_EA_median","SC_WE_median","EW_q5","FR_q5","IC_SW_q5","IR_q5","NI_FB_q5","NI_FO_q5","SC_EA_q5","SC_WE_q5","EW_q95","FR_q95","IC_SW_q95","IR_q95","NI_FB_q95","NI_FO_q95","SC_EA_q95","SC_WE_q95"
1971,-1.17415371691283,0.0186006302572675,-0.239339884130542,1.06363667211548,1.40053250021597,1.56476951929724,-0.535117125447983,0.0972448776251074,-1.49983526146935,-0.49703833504488,-0.467813482035261,0.742653254187714,1.18378971888018,1.34696964693326,-0.794861258459779,-0.228847890834618,-0.837966669050631,0.52064397280616,-0.00900267361852216,1.38532142840281,1.62334772466286,1.77949008205236,-0.27776040520424,0.428290617146549
1972,-0.918460370365793,1.19746694862777,-0.229665289832226,1.15673681788418,1.6313411450474,1.57840718242057,-0.391304693754856,0.13988307872842,-1.26247577340419,0.694754852638084,-0.457622399079519,0.850466558910757,1.42170283561509,1.36464128747121,-0.656010292072097,-0.204827390415155,-0.563917958969232,1.68786397078766,-0.00127360395271079,1.46816564353161,1.84165415472153,1.7950614576687,-0.122051709448826,0.467448463322187
1973,-0.430207774159819,1.46581784226318,0.0314657967384645,1.17829620035816,1.76726604341694,1.27619217987331,0.153473779863728,0.484860997238672,-0.784820383100794,0.965031559730961,-0.200190101139093,0.869874597388493,1.55134884791817,1.06610581336942,-0.111717376447368,0.127971680199381,-0.0789683092219345,1.95752811109396,0.258034937925277,1.49038309263444,1.98586004912397,1.49529377441096,0.423512840410342,0.830487858740028
1974,-0.477600892641532,0.333187321634901,-0.303824904420141,1.2379014502379,1.4133382358488,1.9062430981773,-0.141472042946538,0.637816100189982,-0.823775441549192,-0.168934872826736,-0.532001927017353,0.924589242611412,1.2016830423973,1.69304527400855,-0.43198720740684,0.306508245563352,-0.132064776778914,0.814890755153114,-0.0715309957363717,1.55426090102491,1.6269791402108,2.12269868443981,0.141005145093457,0.968888432516989
1975,-0.14382489836463,1.12166067596928,0.0605116236066399,1.51723369924702,1.75592210873749,1.71473045469055,-0.0199326800015494,0.52330888745004,-0.416434423579213,0.757335320243319,-0.146370877919687,1.27140056671328,1.54752830319276,1.49904982381862,-0.277584452138647,0.275870961953209,0.142135325855372,1.47691820550257,0.269605140131905,1.76572037481897,1.967472675736,1.92665162207887,0.241236530130031,0.773047079007807
1976,-0.307504441442761,1.30768111042588,-0.0122377759065222,1.45480837875319,1.62335009285485,1.57929600289431,-0.222744449962379,0.588130042190967,-0.573824683813654,0.976193489030108,-0.203710758098704,1.22013788862384,1.42512049932685,1.37034306462596,-0.464065826146458,0.340423362636292,-0.0407247327016309,1.64071301124213,0.18699131150271,1.68741963481276,1.82515594023952,1.78900019545353,0.0202866952906935,0.8336381597869
1977,-0.187783427460924,1.0713241948519,-0.122103694940974,1.42278694015934,1.34394274893762,1.4452901019095,-0.299997285345236,0.475621139626542,-0.482680218766485,0.709617989647412,-0.325459545682661,1.16683747283745,1.13934288033355,1.23259674527426,-0.574598491274126,0.211744842535113,0.107060244459998,1.43205726573476,0.0868965804253473,1.68398057457078,1.5529931749269,1.65368721155013,-0.0184367016406267,0.73738146142974
1978,0.281306315384997,1.06994266624398,0.557251623569489,1.56379971928432,2.07745414128508,1.85522598647937,-0.0350074052644565,0.757044431796311,-0.0038510595976447,0.727337933199815,0.354428586469431,1.31154191671219,1.88116875380955,1.64706055691437,-0.296806339732607,0.479663451888976,0.578602714512308,1.4217540293627,0.762273409354916,1.8117724247137,2.28193190860735,2.06415972889764,0.230605386212392,1.03313319814471
1979,-0.30304284362714,0.895376349604967,0.0943008382178959,1.37405770921945,1.5021984675666,1.44764162132478,-0.346913521064014,0.447423764381363,-0.582854501084833,0.556831757180876,-0.103268083561771,1.12952646433637,1.29649300822838,1.23624344193192,-0.602476712216128,0.154786727678111,-0.0257009775029327,1.22180838370914,0.298735780444282,1.62132989645821,1.70480079247139,1.65509379120197,-0.0969175605727345,0.735867191549261
1980,-0.734807665540861,1.2551475012995,-0.289346377830627,1.21081749000138,1.60373144179457,1.79175460838677,-0.606778726101206,0.262621916635301,-1.03354066172833,0.862478205674121,-0.506770851317273,0.946595238424365,1.39558117250157,1.58977797407123,-0.87352296629206,-0.0828029414877777,-0.440640547311232,1.64872491477885,-0.0759013809453789,1.47633522716246,1.81344244632854,1.99720333672917,-0.345606939201896,0.587479021198944
1981,-0.154201177788333,1.36462023550776,0.251914795904578,1.26046495590879,1.58530345582956,1.03614487422012,-0.130224239425718,0.572509936126363,-0.420278853147282,1.03073309850427,0.0475777763511595,1.03624504220301,1.38297855007841,0.826165251982134,-0.361123201155342,0.299814074283752,0.123021790557576,1.70342971957432,0.446073681253769,1.48428425647327,1.78643271848181,1.25282156907694,0.0928369996469025,0.849986857041235
1982,-0.193332937406237,1.36615383254178,-0.0581191849843583,1.32076422770634,1.31076190551182,1.36115191943291,-0.0632729714542017,0.604641500495707,-0.481682114212996,1.00040165497707,-0.262609374742906,1.10983669252016,1.10668707842406,1.15805843923842,-0.295772581547234,0.326218999339232,0.0945752327597029,1.73098084944733,0.143650277930649,1.53526109390764,1.51080434619773,1.56289545965684,0.169280731812679,0.87547998673561
1983,0.187656846067341,1.14836995144371,0.352976730327675,1.9494055853813,2.24087653151235,2.56692804071473,0.317565767899656,0.929470224173083,-0.0925440049865007,0.782091320600933,0.15575035575071,1.75372935037089,2.04220828569496,2.37352119600098,0.0641628470533057,0.652005610773681,0.471318153723141,1.50992614056872,0.55389908539821,2.15040822750046,2.43695588647598,2.76272683527439,0.572090417691201,1.20648299245283
1984,-0.14925865990775,1.35322958372589,0.227207714019004,1.59982597953105,1.63073809286032,1.46430869718034,0.160968550427805,0.821954986013925,-0.431468737900138,0.989442862133961,0.0181738985589464,1.40883735448028,1.4302450307981,1.25617125883932,-0.0923333700063958,0.532217563227144,0.135072699288624,1.71015673710028,0.42608657737247,1.78881884444698,1.83319161340782,1.67358168549486,0.41494895872938,1.10608970887248
1985,-0.325287122389465,0.926396348906819,0.675949796878273,1.74204937317022,1.57924373813806,1.50838738192139,-0.000125278807996648,0.662850473540677,-0.623747011592759,0.536388123838314,0.465482327959717,1.52860791534975,1.37733611966378,1.30226106568518,-0.258759533892097,0.347193197590332,-0.0317132231062258,1.30195780577885,0.882587219188815,1.95856031992802,1.78992350094728,1.71274383953603,0.261070712698556,0.968312961266201
1986,0.0137478679902102,1.41532980752517,1.17578946668273,1.57984073288863,1.84913847966302,2.32799358247429,0.352562511506896,0.960034272953004,-0.294921166237521,0.947626050493985,0.96585127813059,1.37141796449919,1.63442730840322,2.10588104894867,0.0621464594810679,0.649350267338183,0.32303284654795,1.87110105580905,1.38129432223912,1.79134223946004,2.07080888565181,2.54618864076612,0.639169018124576,1.26147405240557
1987,-0.255787519898563,1.18178666952802,0.879685445711351,1.5384539637174,0.985982958053613,0.634273156251494,0.14283835936775,0.795271250305016,-0.552822450984737,0.729459846294998,0.671192630708756,1.3189153175191,0.761922846097707,0.400592633943612,-0.152498901091639,0.501039069746626,0.0442233849003047,1.63119144921793,1.08998232831162,1.76529734326254,1.20511791125781,0.869649704202212,0.439084724208769,1.06736941183043
1988,0.112948253611756,0.850144705860543,1.33900486890747,1.95563369379584,1.80728974883788,1.53278747276021,0.427620064496011,1.16857950344012,-0.175093899979153,0.407260171624604,1.14222768637703,1.73335133979515,1.58527993245848,1.30725210167489,0.145088020805202,0.89448571456494,0.392179266196443,1.29868593330047,1.53842145056275,2.17007359923429,2.03288430906988,1.76415452228282,0.710570999268272,1.43436289240807
1989,-0.0630056993021526,0.702349224025274,1.1114351391885,2.25553447513015,1.98300086167801,1.96710072686768,0.415412154096796,1.28772569226451,-0.36019318696092,0.223387068649832,0.908119768437216,2.0555284643825,1.81840240523866,1.79364984666963,0.109710544670004,0.984049050412734,0.231942462210427,1.16954022670699,1.31038538749445,2.46270916284426,2.15707251119833,2.14510285548722,0.721087459653838,1.58153928112842
1990,0.191432586597327,1.13874690831575,0.96365233596862,1.7499642455593,2.1531760754795,2.42816339261155,0.504407373080012,1.32631207714208,-0.125300472221995,0.660952078330749,0.753703158806836,1.53433984913174,2.01319604774907,2.29217979588949,0.165561648018096,1.01026194710835,0.513247820160819,1.60420386892626,1.16077790962139,1.96483182109142,2.2876091476387,2.56435830929854,0.845674592027429,1.63152197964656
1991,0.167166072672885,0.695839874996035,0.908910260583991,1.57539691307273,1.16145194897515,0.891300308308709,0.251939794641435,0.994708892053137,-0.139701079623854,0.226892743170326,0.704512213116425,1.36394948760507,1.00571967000973,0.731534099515695,-0.0827151184433276,0.710030198899744,0.487639689096461,1.1624961688248,1.11273051816572,1.78626610392759,1.31804118932922,1.04607219166085,0.574316065167412,1.26763834520492
1992,0.424140695077286,1.13920189445589,1.69094606548048,1.67720067394943,0.903699191403955,0.792885600937924,0.488301036216924,1.27397419912741,0.117320735683009,0.702683576173532,1.49181453554536,1.39201602576609,0.759115666730906,0.645671859499944,0.175761660329245,0.979478906112568,0.739343930639587,1.58036530795849,1.89329336976154,1.96648952757633,1.04993706743852,0.93824226749238,0.803375755959753,1.57326320835259
1993,0.533500162156296,1.35422502030053,1.42682529981678,1.41548971260614,1.81820132057097,2.09727238227461,0.58716621459152,1.3944442355899,0.243964609022434,0.947750551093838,1.23378519335967,1.22363782180401,1.65408337616083,1.92951295930015,0.285568191993013,1.11583894691537,0.83547619187291,1.76910317950202,1.62318184421726,1.60813014071622,1.98243300762152,2.2645170223064,0.901609054579048,1.66730767882808
1994,0.429473935313668,1.07205928650024,1.12749867720394,1.663866348805,1.83219932571751,1.98513042009691,0.514619815690541,1.43147002417524,0.14574823921346,0.694439332028692,0.934162078545753,1.48503788296221,1.67320806484308,1.82596425556888,0.222899012049504,1.15783338664131,0.722876045677752,1.46154934833519,1.32611832110427,1.84146246180446,1.9885883169306,2.14102658306131,0.807924871297154,1.70545073690117
1995,0.442140277482156,0.655150514453772,1.63703353294036,2.0326430608571,1.68303810731025,1.77060490472789,0.501439505540888,1.33907657344092,0.130629365321192,0.262294479144069,1.44105399280526,1.84288269023996,1.41490971634556,1.49269093993268,0.182222643414285,1.03496255761496,0.749635233341537,1.03982524874028,1.82723707012099,2.22603768790232,1.944501343651,2.05059608610007,0.813868328980802,1.63446141588349
1996,0.419930141770817,0.953761638899697,1.59859708910126,1.94119751642039,1.79779189285716,1.45973974183123,0.597887025688828,1.45775347541759,0.103750228332981,0.574465751330817,1.40281611244899,1.68158575700368,1.51054171733423,1.15370916520335,0.268070325834026,1.1426909562607,0.756900588680292,1.34966421252453,1.7910896830973,2.20594733833031,2.09188305022707,1.75380330840899,0.910280712966121,1.76211025672123
1997,0.460640254246199,0.727195119993598,1.6596230275493,2.23461748724642,1.58015060079102,1.61723757380578,0.571749797299077,1.38750559811589,0.119406728732204,0.330741529096009,1.45966637686953,2.0623337742847,1.26061442068723,1.2839516273384,0.240443461191382,1.07046560835532,0.809868933118779,1.11993684974451,1.85843567029397,2.41001845914249,1.90450711420984,1.95502461124551,0.915505974163857,1.69934174662379
1998,0.410151606192275,0.700449721362198,1.501940986762,2.04162132368144,2.46725717085276,2.72263597913448,0.660576637102196,1.6066609309984,0.0530327673149605,0.313129453505006,1.30064252485673,1.747971318897,2.20044527028463,2.44825653762181,0.336527094090765,1.27836133742911,0.764904094367588,1.07271029398592,1.70432664298172,2.3405503134603,2.73399887235019,2.994771445529,0.99071234270186,1.93247236354065
1999,0.271850409492095,0.648854260960216,2.22924739044555,1.79992649802434,1.83376207868938,1.35268904491017,0.463340207659423,1.38541033135781,-0.0908885666377595,0.260081599307615,2.02744398465396,1.60601033057209,1.71722170994265,1.12645693068155,0.130990676361608,1.07250239586386,0.629668646217068,1.02591240227991,2.42747559895962,1.99829979098934,1.95525144944905,1.58736194882901,0.785315379067765,1.69540132283417
2000,0.355003738201544,0.725932579579916,1.79050447843673,1.8815519332344,2.77101350674436,2.04368841998169,0.593488276794347,1.53641681606722,0.00813033375288941,0.339001911789847,1.59736289456149,1.6629019207017,2.66158171973709,1.86080990336161,0.269625172109369,1.21807615412652,0.70922084950462,1.11605113443198,1.98767329058411,2.10353323707015,2.88653058731702,2.22703145895296,0.921411727260866,1.85873315868274
2001,0.296751716415692,0.661282008418654,1.59428058050755,1.75547829125796,2.87373718528255,1.58825309510841,0.600298806445416,1.56112749744921,-0.0578846893050388,0.278747025442036,1.3912132638846,1.53244755548802,2.76021507728293,1.43032205883857,0.275397972317568,1.25268576740091,0.65074269585987,1.04388969716333,1.79857684996952,1.98357006779511,2.98652320086644,1.74879787978805,0.933438201852839,1.87893567558849
2002,0.114154447477907,0.735541293673345,1.40488620167408,1.64784278755528,2.8977180638486,2.72423245991287,0.407537784968584,1.45553859557806,-0.26383146819199,0.344014955760866,1.1991216600221,1.41471424479147,2.78461662135373,2.57673351302298,0.0580738849486143,1.10897935592414,0.49788368840382,1.13543104021159,1.60819637757977,1.87839878302291,3.01273694584653,2.86930093200858,0.754325752455325,1.80454808518025
2003,0.0484729433182872,0.323742283395602,1.65901371363299,1.99372145337216,1.58466878030063,2.43922552611233,0.286636252944563,1.24187807333632,-0.334939357340404,-0.0524133211936733,1.45503798722993,1.77642067868972,1.47042338872293,2.29172595758499,-0.0578792556656315,0.920586374884804,0.428060439815619,0.695118355608331,1.86526384580084,2.20870720254611,1.7005836299694,2.58003056677496,0.612726724601054,1.55259865083037
2004,0.239931412882417,0.485498757203417,2.01451524395488,1.67506951736556,2.14362542821353,2.03866518954275,0.336958707608543,1.22823783071284,-0.125160304465233,0.110589161618529,1.8095618516036,1.49878040436484,2.03068471778764,1.87277966583574,0.0101459072466084,0.908125972124357,0.601022450216948,0.860909190180344,2.21665389462339,1.8503391380803,2.25738814420297,2.20437510848976,0.658396235968071,1.545518517415
2005,0.17883516042956,0.353176299242399,2.26633124600085,1.97396893747255,1.66322342941125,2.66388583413737,0.282863169934261,1.18368166113189,-0.184711141413031,-0.00495527558929316,2.06821541235108,1.70278804237317,1.55082069159727,2.48165211425271,-0.0458597501406914,0.866979073084657,0.544222642869689,0.717348730103385,2.46836763062829,2.25896938205779,1.77932290686526,2.84336195398574,0.603421003973982,1.49852630244004
2006,0.19820338943431,0.506665895119562,2.55312468887719,1.95596081578589,2.17066978982997,2.14146942349312,0.278454133044719,1.09673184502926,-0.186669674823584,0.14268276026386,2.35418033605699,1.67939660729329,2.05557380856119,1.92774262500783,-0.0525830095584724,0.763355252926366,0.583167316252938,0.878082932787615,2.75360647759388,2.22747640628157,2.28586037294606,2.35551997670615,0.611820851806484,1.42849445887951
2007,0.105330224150078,0.353402733397506,2.48604210993215,2.0977037348553,1.8920995858729,2.90861095715934,0.0368482996328306,0.862307116360699,-0.325970140838185,-0.0833274551981875,2.27514167031163,1.7468353566416,1.6956094888124,2.68507723066432,-0.329005353107544,0.497843892457313,0.549178333852632,0.785492610636111,2.70390401422469,2.45175080821806,2.0928370291429,3.13755922320464,0.40157840753028,1.22415650374565
2008,0.140474562428988,0.702526751335516,2.35214748091385,1.89858148781296,2.06872822448303,2.31891336441047,0.117412957559633,0.92574590442228,-0.241997113666715,0.321919026452145,2.15050118486252,1.5837816647157,1.89639757607617,2.08678616852449,-0.213765048574859,0.595435317966214,0.534756395851695,1.0850410604348,2.55680468869661,2.21158627780781,2.23929157659187,2.54848109699766,0.435376591771373,1.24794599800781
2009,-0.338419316764505,0.398851291223369,1.77523849848352,1.98404504089511,0.389158721413736,1.93232740552327,-0.270008890031816,0.581595972193885,-0.769877143191078,-0.0320533181061214,1.56784184908686,1.64806885657425,0.275331622424426,1.68553622942899,-0.616544162985183,0.216243563403957,0.0870848148609617,0.819400291920527,1.9899213299126,2.32371509116968,0.504525467471677,2.17869637754799,0.0860958362200735,0.949759514666318
2010,-0.335498092642975,0.323799452819291,2.312669418826,1.94894722165692,0.865319725120471,1.32108229040292,-0.24896051983636,0.526911068422856,-0.711488866055021,-0.0712066806130551,2.10662490101094,1.62844132951336,0.753053991465748,0.988485776678043,-0.563247048468272,0.189760056961312,0.0459208866620658,0.697889134330704,2.52230117238268,2.27516524709357,0.97970931542886,1.64775795868574,0.0653353102249282,0.858961481542092
2011,-0.42495435027336,0.545774562041863,2.63407621371639,1.84580301553075,0.782547753093435,0.161346386054726,-0.239994058139547,0.620270327515361,-0.873967177723822,0.088413987861815,2.39606227637273,1.47826166384676,0.667114902094019,-0.332229002141461,-0.640973700269219,0.219760001812523,0.0181443045407084,1.00007011399036,2.86607667945493,2.20545873714791,0.896243593789699,0.65225476189838,0.171378890872452,1.01973249086115
2012,-0.634667637372622,-0.139974860344302,1.22622257886633,2.14163118878379,1.52754195151397,1.94429871612743,-0.192414062601285,0.800200714439819,-1.1303721218032,-0.62159012095452,0.992880081224101,1.7554969793459,1.41219679604959,1.3910965006044,-0.602361993544312,0.380749038912989,-0.153821206579389,0.340191344533248,1.46169323875759,2.52953842567699,1.64263248404842,2.47417144765182,0.208567462891453,1.21651760008691
2013,-0.498558717459226,0.153693567972155,2.33389254510886,2.02211680395428,1.99752896039851,2.2277415389785,-0.0960733804898468,0.844882585938824,-0.875965783602905,-0.216765067143679,2.10950813538747,1.70198958561713,1.88608112231225,1.7407911626265,-0.42068946151959,0.506616387534152,-0.118509873264008,0.520305717154488,2.56272492149362,2.33176147154998,2.11040190020259,2.72131189611942,0.235022909542996,1.18878881687484
2014,-1.14512487795032,0.164963339678115,1.40601830359546,1.75001048595095,1.09875378871144,1.89162239449837,-0.516648543920192,0.456093121385038,-1.53642079366773,-0.210015279934459,1.17909737336083,1.42465860434007,0.985672428629465,1.38000342754951,-0.849276824838861,0.101196780637894,-0.764064824272352,0.543308666863576,1.63842889074102,2.06853997677362,1.21373244765711,2.38978686367541,-0.191349244129324,0.799477971373611
2015,-1.05875899971697,0.318706655718026,1.91093092408595,1.85176807519949,0.550510159775009,1.38956159051856,-0.341282038072774,0.584977888851298,-1.44295949639827,-0.0670166015295618,1.67544186522174,1.52362299399071,0.434249132755895,0.88124608900904,-0.678489422568883,0.234000235948542,-0.680059624338851,0.710260049071716,2.13952994037236,2.17836918266885,0.66358888256843,1.89549280597843,-0.00398809462794671,0.938597663223581
2016,-1.03220869802,0.311899980717624,1.64455695204503,1.88104909303399,1.76432160464601,2.09290676316627,-0.170431483853367,0.765770914938356,-1.41166926049403,-0.0578006698258626,1.4005391724033,1.55965060147633,1.65041315680052,1.59645509233183,-0.501724181468119,0.420531081542275,-0.650149893834189,0.694664864381933,1.88281754171986,2.2108711845257,1.8790287577135,2.57970477901017,0.170384237728147,1.09237395996271
2017,-1.08815059244239,0.394142113950773,1.62009296850652,1.8077547311,1.17898808776035,1.8509917469662,-0.049169103571795,0.903846769059304,-1.50246882398374,-0.0153830162886337,1.38637317821708,1.47089812702441,1.06423710642955,1.32875873100838,-0.410073130786874,0.521673779542706,-0.680814959458544,0.811411207844151,1.85631253806454,2.16228130955066,1.29376935488352,2.36454192005876,0.318058205172873,1.29932250104644
2018,-1.09129151057578,0.0162497519045706,1.52621479792132,1.87545477232436,1.50298926894046,2.21189723821537,-0.0765800303298989,0.785951074824718,-1.48027961863685,-0.362801457643937,1.28807051189163,1.55301241785417,1.38733411859574,1.70785760808665,-0.406620899334908,0.448474255655815,-0.706905931299738,0.375695946968756,1.76492234577849,2.1942365354896,1.61723733954064,2.71918903594395,0.261769733425141,1.12268003982058
2019,-1.47978221971269,0.0895166826288588,1.10677633581397,1.69436586918956,1.57803379585556,2.3260106776208,-0.251866224218942,0.696523177288533,-1.894874725465,-0.301882310130067,0.85984230957455,1.35494152563731,1.46411654988731,1.81548412009028,-0.610531788162664,0.330687186060604,-1.07306438191695,0.486280752809823,1.35916638713635,2.03585709269528,1.69450159795103,2.83688645887693,0.0951283756972073,1.06538061498204
2020,-1.06846734705289,0.0678470739063252,1.84420052090519,1.78244448644273,2.42888037515896,2.52498190383124,0.130777553769186,1.10421847055702,-1.49168149822694,-0.337112968169034,1.59119481108903,1.44404083583852,2.31584573165883,2.01418958869081,-0.217721645366399,0.728554879259088,-0.641592346364141,0.464857615818501,2.0985569219762,2.13412271159514,2.54076340319759,3.0588193961648,0.49041591974835,1.47401116958314
2021,-1.13101340102518,-0.171624033352798,1.51674928958552,1.75331400771615,2.93754313511817,2.45419356225254,0.136878517827234,1.07058074139547,-1.58702582458624,-0.604654045941506,1.26495461417787,1.39262866067147,2.82654483191552,1.92862305929399,-0.24363108543958,0.683793719672045,-0.681371796023337,0.250025940357418,1.76629529982434,2.10569525281403,3.05187450704914,2.96662415455626,0.51304935416708,1.4624302834773
2022,-1.13302799991217,-0.368887627722143,1.40962050591786,1.92727906449796,1.93790215023264,1.92663995669671,0.207588412932927,1.15522888261795,-1.62791806567076,-0.860923124675286,1.15713330615078,1.53855405481328,1.82412506015621,1.34642460444719,-0.197033780391908,0.733146683617017,-0.646365449166955,0.0963194116857522,1.66080757713234,2.32477635272446,2.0547484989691,2.48751178778801,0.622609389417972,1.58870915190119
